          neck      knee       hip      back
neck 1.0000000 0.1833277 0.1890033 0.2757719
knee 0.1833277 1.0000000 0.2370649 0.1990149
hip  0.1890033 0.2370649 1.0000000 0.2639682
back 0.2757719 0.1990149 0.2639682 1.0000000
          neck      knee       hip      back
neck 1.0000000 0.6356369 0.8318345 0.8746541
knee 0.6356369 1.0000000 0.7019649 0.5590677
hip  0.8318345 0.7019649 1.0000000 0.7477139
back 0.8746541 0.5590677 0.7477139 1.0000000
      neck       knee        hip       back 
0.03171976 0.04304567 0.02350351 0.04218807 
 [1] 0.07071068 0.32403703 0.45276926 0.55226805 0.63639610 0.71063352
 [7] 0.77781746 0.83964278 0.89721792 0.95131488

Iter: 1 fn: 0.1162	 Pars:  -0.96456 -0.65931 -0.91572 -0.97401
Iter: 2 fn: 0.2834	 Pars:  -0.98465 -0.65456 -0.85954 -0.87628
Iter: 3 fn: 0.2999	 Pars:  -0.97203 -0.64382 -0.85582 -0.88986
Iter: 4 fn: 0.3849	 Pars:  -0.97502 -0.64377 -0.85352 -0.86900
Iter: 5 fn: 0.5659	 Pars:  -0.97052 -0.64317 -0.84533 -0.85137
Iter: 6 fn: 0.5016	 Pars:  -0.98807 -0.64317 -0.82782 -0.86902
Iter: 7 fn: 0.1209	 Pars:  -1.00000 -0.64317 -0.92174 -1.00000
Iter: 8 fn: 0.2969	 Pars:  -1.00000 -0.64317 -0.86265 -0.87531
Iter: 9 fn: 0.4250	 Pars:  -1.00000 -0.64317 -0.83183 -0.88442
Iter: 10 fn: 0.4270	 Pars:  -1.00000 -0.64317 -0.83937 -0.86943
Iter: 11 fn: 9.8646	 Pars:  -0.990044931414 -0.000000005376 -0.653436452073 -0.696686661365
Iter: 12 fn: 9.7016	 Pars:  -0.99999994052 -0.00000004627 -0.65356750021 -0.69638718536
solnp-->Minor optimization routine did not converge in the 
solnp-->specified number of minor iterations.  You may need
solnp-->to increase the number of minor iterations.        

Iter: 13 fn: 8.1370	 Pars:  -1.0000000 -0.0006173 -0.7351142 -0.8383072
solnp-->Minor optimization routine did not converge in the 
solnp-->specified number of minor iterations.  You may need
solnp-->to increase the number of minor iterations.        

Iter: 14 fn: 8.1277	 Pars:  -1.000000 -0.001053 -0.735223 -0.838349
solnp-->Minor optimization routine did not converge in the 
solnp-->specified number of minor iterations.  You may need
solnp-->to increase the number of minor iterations.        

Iter: 15 fn: 8.0747	 Pars:  -1.000000 -0.003544 -0.735833 -0.838564
Iter: 16 fn: 0.0961	 Pars:  -1.00000 -0.72595 -0.95852 -0.87465
Iter: 17 fn: 0.4382	 Pars:  -1.00000 -0.64137 -0.83183 -0.88039
Iter: 18 fn: 8.5759	 Pars:  -0.9913378697 -0.0000000816 -0.7145614704 -0.7686665808
Iter: 19 fn: 0.4684	 Pars:  -0.99998 -0.63588 -0.83105 -0.87491
Iter: 20 fn: 1.5259	 Pars:  -0.99998 -0.57540 -0.77130 -0.81442
Iter: 21 fn: 0.000002272	 Pars:  -0.98743 -0.72910 -0.95637 -1.00000
Iter: 22 fn: 1.5245	 Pars:  -1.00000 -0.64087 -0.74771 -1.00000
Iter: 23 fn: 0.3686	 Pars:  -0.98634 -0.63108 -0.84344 -0.88832
Iter: 24 fn: 0.3769	 Pars:  -0.98558 -0.63032 -0.84327 -0.88589
Iter: 25 fn: 0.3769	 Pars:  -0.98558 -0.63032 -0.84327 -0.88589
solnp--> Solution not reliable....Problem Inverting Hessian.
[1] -0.9855813 -0.6303219 -0.8432663 -0.8858943
                     Gen/Phen   Shared/Phen     Unique/Phen        Alpha1
max Gen/Phen    0.06673937+0i 0.05771686+0i 0.0090225185+0i  0.4943094+0i
max Shared/Phen 0.06542020+0i 0.05944745+0i 0.0059727502+0i -0.6167775+0i
max Shared/Gen  0.03878201+0i 0.03782543+0i 0.0009565758+0i  0.9892978+0i
                        Alpha2         Alpha3        Alpha4
max Gen/Phen     0.57413647+0i  0.28252585+0i  0.5883916+0i
max Shared/Phen -0.37199361+0i -0.30411192+0i -0.6234759+0i
max Shared/Gen  -0.02000357+0i  0.09278531+0i  0.1108183+0i
